144656.952505825	38798.3607142228	15400.6339005461	10720.1349340351	7213.15714484903	
133102.531958008	30657.9092194471	15488.2810318899	9013.42750350162	5588.01759782751	
88474.4749116108	18121.0615217235	11319.0633917621	5603.32225198052	4316.71844347039	
59722.7656346517	17613.6410182155	10730.1639917282	5792.73504725855	4563.55789418651	
52965.8854061323	16382.6805585106	9811.03444904029	5624.31837255907	3792.69318054705	
33654.3461313325	12871.2584588895	9841.56083227361	5448.19619073429	4004.3558086752	
34442.8319620452	10885.0316213509	10391.2573347136	5380.20809766184	4130.91825267244	
38418.4294145373	10061.1366389065	10862.1333203047	5590.85966245455	3919.61123340493	
33423.2206193428	10591.1003410564	11113.0824900788	5632.21499402173	4078.83381177538	
31157.4636681629	9534.15018251402	12096.899187308	5465.08250605543	3781.11523613932	
29837.2330505747	9128.72903715351	12701.759410108	5639.75200183002	4014.18396243456	
27640.3286988941	8299.73895145084	12312.7455434377	5552.64734767844	4161.80382771969	
24168.1651305897	8456.84327141471	11784.4456027027	5271.42072014545	3759.94398139594	
24472.8382473157	7917.75438876355	11236.407052165	5240.7900092699	3736.34839327147	
25138.0010631272	8962.06028317923	11329.261128031	5237.23277237851	3584.10455162375	
22023.5277247958	7180.54807582454	11204.7627591261	5421.21022026286	4047.05858178082	
21932.5894244238	7646.40904126076	10732.8717036967	5227.29216193341	3531.58183418956	
22741.7205278691	7403.48175878617	10977.3818617395	5280.78211116344	3762.89632675656	
16176.751756995	7847.67657579847	10853.4610379871	5377.81897522716	3393.20413689475	
17355.5294129723	8633.65846834569	11173.1121389412	5258.08537246407	3290.1897315506	
18064.8320664006	9007.74176495436	11266.2608445628	5633.88883134582	3629.2855675369	
19971.5568990553	9062.3578775528	10724.9679685918	5708.70352575209	3427.41777601413	
16842.0832265759	8589.30263026915	10151.7509808915	5572.22606685349	3436.89326546303	
15289.9839931015	8716.97122393534	9625.83807192714	5423.49649090465	3253.5869165094	
13736.7176929782	8205.01633500121	9775.66894542641	5339.43797969173	3397.71577340367	
18943.3067894112	8384.73050515924	9263.39234594662	5403.31010569533	3352.6116401325	
15264.5593082297	9241.45564751071	8599.40957917114	5365.69415552913	3441.58154842792	
16531.4447533925	10516.5671805602	8522.7272168253	5973.55082565884	3331.52526252816	
15212.3067752061	10996.489284342	8870.74476141239	6146.94547789508	3298.94842922512	
17470.8948558001	10879.9221571319	9640.00475374551	6668.91694501811	3450.9563067247	
13751.8403714633	10536.5749776022	8456.32375252669	6772.0927789209	3375.54536195327	
16740.4636560712	10769.9610497855	8498.70216611081	6940.21523339129	3580.18211379502	
14716.5510114631	9472.63417603777	8520.03978640144	6938.09138297077	3497.33475319372	
15013.9417494153	9131.31883481238	8058.59305807179	7011.10155634983	3393.90246091598	
15601.260613495	9389.19291531768	7117.94521232075	6706.42712486954	3667.35715217093	
15272.3262287982	8490.15893789356	7354.46969994741	6886.68133888341	3495.59411781101	
15365.0382553233	8057.39000976704	6542.74538099097	6823.34150799743	3406.04146073384	
14118.1041933879	7874.59037455516	6572.37055061186	6562.02353356703	3285.08333457138	
13601.6436565859	8721.67480397376	7035.02730683461	7136.69677232519	3208.04766715596	
15252.3127994961	8343.48525982514	6865.92002453813	7417.17517520292	3456.69154508425	
13220.6691591899	8575.77608860916	6358.89953154791	7264.83393804723	3287.888698831	
13710.682578043	8370.33988835057	7701.30028594809	6991.92735062708	3276.79162100467	
14487.2366034246	7796.95155848901	8068.82511099927	7204.5520252718	3250.37818160689	
12922.2611938137	8901.33156896743	6998.70671153894	6692.94440818549	3423.22386478504	
11755.0048854506	8645.11417044454	8688.01118614363	6754.52182936393	3613.17194301153	
17291.0444067078	9433.78725716385	7828.19235741832	6375.22065608211	3452.82320000406	
15162.8186047712	11250.480916473	8034.20916208284	6806.51224573746	3727.93609126412	
14537.9339823878	10726.6616406453	8052.89679163824	6941.23158222917	3599.26598408845	
12167.6615733556	11158.6961379432	8404.08095027456	6639.71238276995	3623.76517645889	
11599.6344351151	11918.0308225484	8942.08445495017	6713.49949423645	3671.29421337925	
10639.4703180763	12108.8618044686	9331.44200393604	6948.80128457012	3581.83439833708	
12473.0641808284	12619.9984232451	9670.05475772472	6892.84791146208	3743.60636006364	
12186.5178538946	12303.4002343426	10256.6011512084	7312.96096319926	3855.3236021869	
11410.555446797	12093.025359488	10412.9306291251	7369.7683254805	4045.55927308094	
10997.2791783164	11691.0552911122	9415.91700030338	6983.19327891351	4353.11174385191	
10393.8824342223	11867.8458084013	9892.89744699727	6889.98247394561	4308.91581559561	
13708.5465850033	11567.7171270873	9904.00681412968	7101.04707430602	4637.0395828528	
12070.3591553727	11413.7518020216	8738.17014070309	7160.32945944257	4608.56073896594	
12536.9869969093	10875.9378272468	8154.20542507119	7815.44580152812	4784.81140504403	
12672.6732095848	10132.9917832584	8137.45819471518	7759.17400030671	4587.47452093124	
11089.8623139969	9616.5854718937	7543.96355657203	7590.84882882704	4596.07045476585	
14306.2682567309	9373.06602190301	6948.20554725916	7102.30661351108	4583.03740189294	
9239.83509258007	7904.51789457964	7178.80132945263	6740.5578283065	4774.17767442048	
9574.56380781511	7479.32556269348	6850.25081839022	6531.67722412118	4605.14014605266	
9381.72819059455	7779.06609543187	6911.86858445249	6585.84318259874	4790.81543869905	
9601.09027194145	7849.65304263783	6066.62610350222	6994.97230228175	4731.46545599219	
10902.7627558545	7224.30053643614	5614.31148720234	7192.12397730321	4976.01020306103	
11540.8276568028	6989.47151489597	5360.1405485671	7189.17009931558	4769.25067463289	
13039.5248220047	7133.13346218904	5412.86067678726	7320.82564822508	4951.19825223061	
13297.3473204409	7174.92911752161	5413.88592110923	7143.70473210526	4667.99831761332	
12606.6226967079	7709.35378510916	5505.3631023314	7377.24947918668	4546.46655689708	
13419.7077332231	7741.97267720373	4896.02067260148	7418.00595320111	4492.50589200107	
12440.1684309418	7519.6034166081	4580.59953556163	7321.11918991322	4337.33180134802	
13502.0862020039	8163.84998796371	4697.40708042937	7233.24293246326	4303.79600905668	
14178.5326896963	8912.14185207374	4627.06515427725	7052.12671760098	4382.71148514075	
14758.6642494961	8748.61525156841	4576.40605471138	7096.48954341937	4263.07325720594	
15683.8179614645	9231.16562765958	4540.98992687898	7146.02047642433	4037.83370319722	
16114.3628559798	9238.96887653102	4741.63943688712	7439.91791215686	4137.64883191469	
16957.2012007121	9397.7116719622	4145.24900230719	7790.5812289735	4336.68099817526	
19449.7969802161	10028.9754345155	5223.89187680596	7969.01991462322	4168.40575250992	
18563.5540742648	11134.1741928025	5807.83397292557	8995.42404741439	3939.1657300264	
18845.760195786	15008.4488203035	6314.07442070765	9237.94332268414	4317.53627772148	
21323.7988942017	15806.834451863	7396.30087804688	9199.3282024475	4261.8785526193	
21670.6973834786	17172.5994031009	7170.62020392862	9369.22670821287	4555.52822858796	
20575.9333040546	17360.1920841328	7073.54656574907	9390.13671358518	4316.51459920731	
21228.9875765333	18198.0646909929	7548.13067880609	9797.30540098021	4549.46430944939	
19990.7362412698	21730.1486496016	8941.18192188258	9337.44822620743	4467.66025634097	
18850.2372695425	21695.6375448326	8738.99335416443	9531.3816160998	4545.39190925253	
19040.4235365809	23096.4089991664	9096.24764632944	9638.61745232342	4808.31047002799	
18469.3386991077	23788.5688150851	9110.32167263884	9798.82117909725	4657.66519342508	
20509.4724188817	23966.8235827141	9144.46515150453	10311.0429239019	4758.07007512335	
21882.7285715637	24147.7198858872	9348.6495435753	10207.5532302286	4901.17535827264	
20523.3181661802	25243.9489321089	9651.2308851702	10268.9844457324	5372.29450682936	
19306.8441458055	25458.7403347692	9301.16908419131	10060.2845429306	5235.29561958094	
19769.0445987107	26044.4759242339	9030.53569191568	9724.01431570841	5015.89397699298	
18825.3217851051	25814.2347702508	8226.71629614216	9631.15271419782	5209.35172680962	
